
Word Count :

(hear,1)
(So,1)
(BREXIT,1)
(rising.,1)
(anti-Americans,1)
(is,1)
(They,1)
(R,2)
(even,1)
(have,2)
(President,1)
(COUNTRY,2)
(one,1)
(President's,1)
(with,2)
(this,,1)
(sense,1)
(equal,1)
(we,1)
(damn,1)
(#TitleIX,1)
(Plz,1)
(tweets.,1)
(Country,1)
(evil,1)
(passed,,1)
(Man,1)
(ever,1)
(they,2)
(pray,1)
(elections.,1)
(man,1)
(44,1)
(BAC,2)
(&,1)
(years,1)
(presidency,1)
(@HillaryClinton,4)
(liking,1)
(@HillaryClinton:,1)
(has,1)
(deserve,1)
(FROM,1)
(ignorant,1)
(are,2)
(cartels,1)
(ever:,1)
(MAKE,1)
(business,1)
(can,1)
(god,1)
(their,2)
(@Jolena3,2)
(deligates,1)
(stude*nts,1)
(how,1)
(will,1)
(Trump,2)
(our,2)
(get,1)
(arrogant,1)
(,2)
(son,1)
(voted,1)
(going,1)
(States.,1)
(law,1)
(likes,1)
(into,1)
(next!,1)
(....,1)
(since,1)
(AMERICA,1)
(ahold,1)
(seek,1)
(truer,1)
(hands,1)
(Don't,1)
(@realDonaldTrump,4)
(Scotland,3)
(Passport,1)
(bitch,1)
(#moron,1)
(WITH,1)
(pay,1)
(US,1)
(Wall,1)
(@realDonaldTrump:,1)

(And,1)
(janitor,1)
(next,1)
(DEMS,1)
(than,2)
(nervousness,1)
(person,1)
(You,2)
(opportunity,,1)
(trolling,1)
(before,2)
(supporters,1)
(All,1)
(common,1)
(at,1)
(crossed,1)
(idiot,1)
(for,1)
(White,1)
(should,1)
(AGSIN!,1)
(House!,1)
(your,1)
(prison,1)
(Street.,1)
(may,1)
(the,8)
(NOTH,1)
(BUT,1)
(breaking,1)
(not,2)
(matter,1)
(you,4)
(Price,1)
(most,2)
(you're,1)
(that,2)
(a,4)
(many,1)
(be,1)
(say,1)
(or,1)
(no,3)
(2DO,1)
(I,2)
(to,4)
(know,1)
(corrupt,1)
(more,1)
(tell,1)
(lil,1)
(of,5)
(does,1)
(by,1)
(far,1)
(Visa.,1)
(mean,1)
(GREAT,1)
(super,1)
(REPUBS,1)
(#HillaryClinton,1)
(but,1)
(TAKIN,2)
(working,1)
(thought,1)
(United,1)
(being,1)
(remain!,1)
(gender.,1)





TF-IDF

(1048576,[3707,97921,103504,109267,113643,119839,151179,152976,201669,211797,213948,230734,344724,347514,413089,629696,649502,991865],[0.7884573603642703,1.7047480922384253,1.7047480922384253,1.2992829841302609,1.7047480922384253,2.0232018233569597,1.7047480922384253,1.7047480922384253,1.7047480922384253,1.7047480922384253,1.7047480922384253,1.7047480922384253,1.7047480922384253,1.2992829841302609,1.2992829841302609,2.5985659682605218,0.7884573603642703,1.7047480922384253])
(1048576,[3139,3543,3707,107877,114801,211843,236373,297548,380536,388084,753987,776362,974785,976397,1028382],[1.7047480922384253,0.7884573603642703,0.7884573603642703,1.7047480922384253,2.365372081092811,1.2992829841302609,1.7047480922384253,1.7047480922384253,1.7047480922384253,1.7047480922384253,1.7047480922384253,1.7047480922384253,1.7047480922384253,1.7047480922384253,1.7047480922384253])
(1048576,[0,97,2337,3123,3521,3707,46342,77114,96852,102524,114801,119839,199354,295103,311232,438547,504006,629696,668389,711689,887605,904876,978654,1028378],[1.2992829841302609,2.0232018233569597,1.7047480922384253,1.7047480922384253,1.0116009116784799,0.7884573603642703,0.7884573603642703,1.7047480922384253,1.2992829841302609,1.7047480922384253,0.7884573603642703,1.0116009116784799,1.7047480922384253,1.7047480922384253,1.7047480922384253,1.7047480922384253,1.2992829841302609,1.2992829841302609,1.7047480922384253,1.7047480922384253,1.7047480922384253,1.7047480922384253,1.7047480922384253,1.7047480922384253])
(1048576,[3521,3543,3555,49512,61490,91744,106914,110412,110760,234719,413095,413224,504006,508488,649502,671615,726451,797315,835881,875501,903705,1044342],[1.0116009116784799,0.7884573603642703,1.7047480922384253,1.2992829841302609,1.7047480922384253,1.7047480922384253,1.7047480922384253,1.2992829841302609,1.7047480922384253,1.7047480922384253,1.2992829841302609,3.4094961844768505,1.2992829841302609,1.7047480922384253,0.7884573603642703,1.2992829841302609,1.7047480922384253,1.7047480922384253,1.7047480922384253,1.7047480922384253,1.7047480922384253,1.7047480922384253])
(1048576,[2684,46342,89087,98256,110412,162892,198239,226650,232179,246338,271278,350345,596684,602024,868177,1020808],[1.7047480922384253,0.7884573603642703,1.2992829841302609,1.7047480922384253,1.2992829841302609,1.7047480922384253,1.7047480922384253,1.2992829841302609,1.7047480922384253,1.2992829841302609,1.7047480922384253,1.7047480922384253,1.7047480922384253,1.7047480922384253,1.7047480922384253,1.7047480922384253])
(1048576,[1664,3521,65921,127929,211676,226650,288564,389946,413089,422620,438244,519736,539812,550285,557014,679356,839470,892609],[1.7047480922384253,1.0116009116784799,1.7047480922384253,1.7047480922384253,1.7047480922384253,1.2992829841302609,1.7047480922384253,1.7047480922384253,1.2992829841302609,1.7047480922384253,1.7047480922384253,1.7047480922384253,1.7047480922384253,1.7047480922384253,1.7047480922384253,1.7047480922384253,1.7047480922384253,1.7047480922384253])
(1048576,[38,82,50237,65508,66145,69546,80350,103066,107151,189302,266606,305141,410545,413095,478692,567494,574263,649502,943395,1007049,1045991],[1.7047480922384253,3.4094961844768505,1.7047480922384253,3.4094961844768505,1.7047480922384253,1.7047480922384253,1.7047480922384253,1.7047480922384253,1.7047480922384253,3.4094961844768505,1.7047480922384253,1.7047480922384253,1.7047480922384253,1.2992829841302609,1.7047480922384253,1.7047480922384253,1.7047480922384253,0.7884573603642703,3.4094961844768505,1.7047480922384253,1.7047480922384253])
(1048576,[73,97,2718,3159,3543,46342,89087,96852,101143,102230,114066,114801,119839,211843,249876,303546,393204,424498,515232,671615,768396,874318,1028500],[1.2992829841302609,1.0116009116784799,1.7047480922384253,1.7047480922384253,1.5769147207285406,0.7884573603642703,1.2992829841302609,1.2992829841302609,1.7047480922384253,1.7047480922384253,1.7047480922384253,2.365372081092811,1.0116009116784799,1.2992829841302609,1.7047480922384253,1.7047480922384253,1.7047480922384253,1.7047480922384253,1.7047480922384253,1.2992829841302609,1.7047480922384253,1.7047480922384253,1.7047480922384253])
(1048576,[0,73,3370,3543,3707,52718,110182,367488,439691,569395,603658,649502,749435,812059,906126,1016314],[1.2992829841302609,1.2992829841302609,1.7047480922384253,0.7884573603642703,0.7884573603642703,1.7047480922384253,1.7047480922384253,1.7047480922384253,1.7047480922384253,1.7047480922384253,1.7047480922384253,0.7884573603642703,1.7047480922384253,1.7047480922384253,1.7047480922384253,1.7047480922384253])
(1048576,[97,3790,46342,49512,65975,101577,107866,109267,114801,130464,246338,261614,347514,503762,535345,591338,678799,846318,870507,972397,993771],[1.0116009116784799,1.7047480922384253,0.7884573603642703,1.2992829841302609,1.7047480922384253,1.7047480922384253,1.7047480922384253,1.2992829841302609,0.7884573603642703,1.7047480922384253,1.2992829841302609,1.7047480922384253,1.2992829841302609,1.7047480922384253,1.7047480922384253,1.7047480922384253,1.7047480922384253,1.7047480922384253,1.7047480922384253,1.7047480922384253,1.7047480922384253])

(BAC,3.4094961844768505)
(TAKIN,3.4094961844768505)
(COUNTRY,3.4094961844768505)
(they,3.4094961844768505)
(R,3.4094961844768505)
(Scotland,2.5985659682605218)
(you,2.0232018233569597)
(thought,1.7047480922384253)
(And,1.7047480922384253)
(even,1.7047480922384253)
(be,1.7047480922384253)
(pay,1.7047480922384253)
(GREAT,1.7047480922384253)
(#TitleIX,1.7047480922384253)
(equal,1.7047480922384253)
(stude*nts,1.7047480922384253)
(law,1.7047480922384253)
(ignorant,1.7047480922384253)
(opportunity,,1.7047480922384253)
(So,1.7047480922384253)

(TAKIN,2.0)
(COUNTRY,2.0)
(R,2.0)
(BAC,2.0)
(you,2.0)
(they,2.0)
(Scotland,2.0)
(WITH,1.0)
(passed,,1.0)
(States.,1.0)
(I,1.0)
(rising.,1.0)
(be,1.0)
(REPUBS,1.0)
(President's,1.0)
(law,1.0)
(&,1.0)
(FROM,1.0)
(Man,1.0)
(should,1.0)